1.0719755170940748
0.14894457880486
0.43669332686530615
0.5123301478349753
0.19153006870535838
1.0992258247651512
0.8549127285670512
0.407000824738848
0.45581763395187075
0.18829993874940534
1.6659613105207707
1.11523396908769
0.9063081264936476
0.8271310177179326
0.3976411893961771
1.185169264616458
1.5769306336738615
0.5706602345540486
0.6287085122000258
0.8804056432685278
2.6231569961224124
0.9083913365744276
1.0250436372055265
0.4347594602344711
1.9724082711325317
1.3150517500005385
0.7985167866334221
0.2396363536334795
1.0260067641343538
2.3393676069157507
1.5613588676551244
3.0483612525675836
0.7860423152004784
0.8918203004456036
1.0076287757459652
1.8833825414082537
3.1663818389235088
5.7670200249150465
2.530036663426963
1.0206449967517215
1.268273318177282
4.651939847344702
2.796010605082574
4.054401899284603
2.403096666403668
1.1870254647867584
0.8910131199256679
0.8683611901321489
3.3456172279221033
1.651779676215755
11.547999559367824
0.5753233244865993
4.470082514858682
1.9310782677634581
4.507652810222812
1.445394530541663
5.852606788352759
4.493926626736455
1.9919041371606099
4.625184146490938
1.7145399173015266
2.146784385630441
3.3790619418742214
1.0720128169297733
1.3343167340177602
2.133222113926754
3.5057417090646235
2.776354873430366
3.292851368532167
5.608827537346978
0.5802313681296307
0.19046497527807338
373.35981879340244
2.391787658491371
2.554490871349342
1.936836318757377
125.75556390998872
5.409433391148871
18.85944892202553
206.90163520027974
63.44852595679083
59.8941809278219
9.722899357479683
6.674990476070785
9.235974037872415
18.72497634900538
4.925915490084462
67.53942454058398
15.142562712621963
76.63593562545742
36.30111125916997
10.07349636647322
3.5973728949202064
70.03512133242964
3.8476044224071586
2.421320152633786
1.0035133890721868
2.0109634301572448
0.7969560883616786
0.9186406579483275
1.588479850479924
155.02135624121414
70.7872190753179
0.8860748218739749
25.150194809914634
1.0153222484834277
0.20718656658496476
1.9884505354400204
4.636083957022983
2.149819234817622
19.172940885390094
68.34476408953533
37.78056809408244
10.875933191563089
4.689877208913736
3.361961890522566
0.7233047694721608
2.7288203647387217
0.7878896585512698
3.6962168239193534
2.071720228888681
1.82607049773338
4.086950539699799
2.326807981374243
41.68759786162355
39.13593785537679
55.16452015125825
16.656941659402456
10.82499826232138
2.7200471325208024
3.564081281601152
1.6131469349136314
2.725672984925128
5.226138618112934
1.9545121479569385
2.6210350914022835
3.549509777190291
6.308777371650328
2.0322855073358386
1.4329077106169996
2.534700967193301
1.6143137742090237
1.4023050292735575
2.32209886760457
1.0192317799344286
0.3147390288364398
1.5270346663011787
0.9106764052622153
0.27455569013870185
0.6137781500094011
2.4080211009184773
0.6631132580766508
0.3756868664768554
2.04283662244584
1.1561148507156163
3.624590493090184
1.4098680165295159
1.494137114609626
0.34713887851005065
0.4204757776143223
0.49782711518958594
0.6453760780885243
1.3413801581332843
0.8056081123439551
1.7154489523550442
0.8031954736414357
0.5152228494741868
0.2322393894163479
0.677997728410041
0.7381983568613485
0.7709117322751436
0.30211936958375396
0.24928989840643923
0.8361596685267139
0.7390957182017968
0.46801520484320125
2.5332627799057392
0.5147578774196906
0.05966387067485649
1.5301566377243099
2.345706008841166
2.356659392646769
2.609948816591172
1.4110474054342943
0.719782901594992
0.2017525109061635
0.5284145145198093
1.5398996388768553
0.7293552549027654
0.15488977540803725
0.8996406634366392
0.17836055859999114
0.34268366304197917
0.30527498325748426
1.2138514683504031
0.48232658825136393
0.1765375213799803
0.2026596281112009
0.13448059767387652
0.05607970837517642
