0.5702314774484676
0.3575012158618769
0.34747977544979036
0.18659048181781443
0.09799426691091817
0.6210193148546028
0.6172999780625965
0.49152425734072513
0.21910173265984711
0.5213944850837247
0.6652876255221607
1.1592580223659883
0.5059708071779906
0.7757554964412041
0.23935075316772808
0.556087813172655
0.20368875041137463
1.0833698365822808
1.7567694187856824
0.22210849646635708
0.8279865493722178
0.3368920041632198
0.25578190310107335
0.15452595657543372
0.6988428447808657
0.5022955702938808
0.45375810777036285
0.863902285000815
0.4609341144679322
0.17957486020302782
0.921037106130686
0.7439047904471713
0.819354491933254
0.8280681475782137
0.7551931877060123
0.6461794460343825
0.7748906477001137
2.6856659526859
0.32633539078210305
0.4415012384716941
2.550371003386634
1.5360319010126344
0.48256073228707796
2.1004827275439824
1.1565227030918677
0.6697843715000218
1.365537026156658
0.9458885352400233
1.1209557046137124
0.18884794484713305
5.982349681164243
0.6835552129498412
0.9522733151340996
0.7460298420455899
1.889558611820187
0.3435872204272158
2.018447411579082
2.8534246889047825
0.5696836386416064
0.915610415956754
2.1176418315762375
0.29604638190769317
1.452449679411773
0.4377271707680084
0.49547101541445976
1.2207318029865846
1.2810094255916555
1.2153164789297048
2.8328439333066253
4.799617929333268
1.1681854285305582
0.10546089012690113
89.39476170324033
0.7026136213720192
1.158515651176795
0.3169257733028319
24.32449070225658
3.368448898545343
17.032574535776693
40.552195080415146
19.5544182516203
11.842746866473417
2.5995424299719665
1.7647044900516695
2.9654356673852376
15.778011732252194
0.7215990441721136
53.237173866751135
98.49692234952764
73.91492045277468
32.208853737105116
7.400542752612036
1.497670965636586
16.950841735497537
0.8730050603125193
2.131162202810824
0.30481783584801725
1.2382489574497797
0.8583832807734719
0.386332685571238
1.0726382171839177
41.30412326784014
15.792819717628133
0.30737978681686956
4.450666518781688
0.20859388752176503
0.20258332576793897
4.093311745979422
5.778451543999589
1.132649650850395
2988819.929044655
3318744.4971140577
21.977796598135896
12.896880524864809
5.727852833522785
0.07358970202587309
0.599562301454106
1.37763999796485
0.18237814320743378
0.6529567178270839
0.18732609889866783
0.6677066249299197
0.15968819462370956
0.15620944561601172
12.465541116412732
7.313215003724182
6.097156308896478
1.1123376769512134
0.8836352937636291
0.7953803917158603
1.36462351318323
0.4302618609294519
0.6485002021838601
2.108618026628587
0.6619636256845467
1.4309481650698037
1.0357151679630643
2172926.999226021
10.238210366040475
0.6776685162568578
1.4203329669323121
0.9238769303438746
0.999414833407671
1.3643924125945905
0.2715147155857702
0.2196154897293777
0.09486155120728657
0.6320444343298394
0.21736621834586728
0.24151077299962462
1.3468270547583292
1.1127988665711985
0.22796638040688344
2.2404158799251945
0.0993080012248505
3.2611800440240386
1.1937711526263752
1.57960974893733
0.47820801922312195
2.3206962496822445
0.17731543434864186
0.46836985416599886
0.46189087665216977
1.6042308860372265
1.7413188504380046
0.9354529258123464
0.49064064867897383
0.8232837379814801
0.9332921151343101
1.0370102629762568
1.68424340176848
0.15770993193706123
0.8008604568237537
1.0297285665124718
0.7889514058644238
0.8487452738156899
3.5077840556605016
1.7815712260415881
0.3620149630612625
1.2396324624562802
1.177349331830545
2.864414370151277
1.0163964207167286
1.556355246738599
0.16131232419327185
0.17590802648785867
0.3574219374931588
0.778110932684372
0.7460736362122072
0.1626062877047043
0.3234322354774559
0.083753075794048
0.1967529894875633
0.3101742059529519
1.5211562922722515
2.7866076795540695
0.769099672357725
0.20426597779304187
0.18209465426145294
0.05607970837517642
