0.05608071636828478
0.056076657777756306
0.05607065928442102
0.056063024915520406
0.05605540152459647
0.05604648277709551
0.056036877236706965
0.05602939747405965
0.056023196944514214
0.056018880861527794
0.05601822999436543
0.05602132556241551
0.0560298178495255
0.05604324889606468
0.05606086591209946
0.05608733859713707
0.0561207587162469
0.05616239156510984
0.0562112863541869
0.056266718014881145
0.05632896159563659
0.05639651614098188
0.056476488106889926
0.056557804543795824
0.05664622822592194
0.05672957692498526
0.05681952980408866
0.056902128669067284
0.05698319105064812
0.057062854264776745
0.05713207587282687
0.05719788413303448
0.05725366605619485
0.05730138204855752
0.05733539533812378
0.057360814000563476
0.057385583885226084
0.05738177394697375
0.057382956367874216
0.05738891034826081
0.057385703744305704
0.05737372372795672
0.05736120646810782
0.05735279375116475
0.05732999830864966
0.05731577889784123
0.05730176868812541
0.057294744389776976
0.057271536712799546
0.05724875309438837
0.05722489183502579
0.057194531824867875
0.0571571497956992
0.05712789264148707
0.05710498127712708
0.05704719142345084
0.057011042634716846
0.05696247961308149
0.0569115525505115
0.05685892168590145
0.05679422143855479
0.0567328081315386
0.05667782640821961
0.05662007873085267
0.056563203512439174
0.056496562134579265
0.05643947076012257
0.05638606543101772
0.05633085134975747
0.05627074621603573
0.05622776951344627
0.056182618153910804
0.056141413167199145
0.056102105115242114
0.05607422812595238
0.0560507141942391
0.05603132790364255
0.05602028850599023
0.0560180870109056
0.056024814105387254
0.05603954954612517
0.05606472781130464
0.0560937121208773
0.05613134353269054
0.056174622942638565
0.05620618588815503
0.05622740132630115
0.05623881526927756
0.05622425993380417
0.0562044269442153
0.05615688541463881
0.05610143943736555
0.05604997147107407
0.056022498194215835
0.05603149000594124
0.05608840888554682
0.056206988258652085
0.056368128768317906
0.05656844183877061
0.056760521797666386
0.05695502914177405
0.057059429682102376
0.057111940285429326
0.05708021085763318
0.05697994364690187
0.05684524880865669
0.056668901308977795
0.05650757900508654
0.056349980927058764
0.05622296472865194
0.05613621744386973
0.05608670541994516
0.056080046435614615
0.0561125040581003
0.05618663700442817
0.05629213913961098
0.05642358719716099
0.05657766153845585
0.056753788659604544
0.05691653290569272
0.057094075563936135
0.057271579978113905
0.05744052077938235
0.05760763657966551
0.057750570157009226
0.05788219093273084
0.05799498764378303
0.058074328929310484
0.05815568145971213
0.058173932988752126
0.05819406006299285
0.05820174486572152
0.05820070486897395
0.05820117242201475
0.058196401506340485
0.05817603202424816
0.05813725536806445
0.058106987208592496
0.05807812629567939
0.058052727784196866
0.058000530407116696
0.05796310017123868
0.057901508198035426
0.0578566597152476
0.057831111613493635
0.057766536977398406
0.05771399018726189
0.05766362904898363
0.057629121231729946
0.05758064218784882
0.05753386837721265
0.05748270729449779
0.05744158062053895
0.05738731639106324
0.05734935845833245
0.05730573424141612
0.057257824048832624
0.057212509577722025
0.05717373202050024
0.05712245334997529
0.057077383383688854
0.057040303628780736
0.05700320353657476
0.05695739932132312
0.05691673902321987
0.05687612740475697
0.05684652420433492
0.05680656040456893
0.05677078489920149
0.05673311866936162
0.05669643016491068
0.0566629901247724
0.05662500028271066
0.05658840011351246
0.0565508936097878
0.05651932874134471
0.056484123681973634
0.05644970719065048
0.05641539531159233
0.05638478902599528
0.05635269593262352
0.056322400115240735
0.056296422748739
0.0562706076707269
0.05624633762205881
0.05622342809763462
0.05620238926715539
0.05618389544357307
0.05616479236787583
0.05615038074236364
0.056136413036680044
0.056125440357553784
0.056113426127790814
0.056103955240529156
0.0560981715065482
0.056093081554717074
0.05608647959091877
0.05608346174043964
0.05608174977239232
0.05607970837517642
