0.16231752663678745
0.15080576669824006
0.5170799119605285
0.17117990742151576
0.38547314951877815
3.35484631790423
0.45073498528043465
0.9426208502086932
0.552165264960734
0.9500203053835468
1.234112388981866
1.151591057426233
1.3891908385259533
0.3852351667167693
0.46847941520575087
0.4971889812178583
0.062357349433932424
0.6471248260205853
1.3620062844956617
0.7454723361925113
1.0359983482403594
0.42895252202635464
0.40770804846830366
1.5174122174722215
0.4969364807382566
0.7324047760502919
0.5026680374384827
2.327837068272445
1.033182106110337
0.9521966343438527
0.7633048236572684
0.14367877406480778
1.2244375853668115
1.0755614380689527
0.925718003570247
0.46555420241429046
0.37444418467777274
0.10983969527138733
1.1674545195912147
1.3912505294786284
0.9111789921908232
0.4187573616226535
0.5173958579173241
0.2369357340686739
1.3254640454081836
0.596734248285622
0.7538577686435375
1.6137821138595239
0.7607940507129424
0.5940526258496233
0.3564426557593342
0.20248643236675218
1.3294540807200212
0.5550800569278984
0.21430709122730884
1.1930994190563706
0.4466813707285107
1.7248795232404004
0.27573194482608226
0.42125741713259784
1.1682803527010028
2.1476745390639422
0.7246149557422672
1.0191281373109518
0.5754012453162313
0.8262776555886302
1.362900893701088
0.2555758338363242
2.940017076747657
2.8400638651107286
1.278807637197928
0.6149518475134711
1.5616911455181914
0.45475090525606343
3.529830067877449
3.084317780441771
1.7813568197569243
1.129312779822346
3.074031644192945
13.782304352215498
5.110243340904287
2.593955713768724
14.908018930395496
15.194542691858183
9.169865746833995
19.012251232780876
20.55604078098171
22.11335958315425
93.67905858543654
13.936770426383465
1.9886331832613173
7.591195640413921
0.7266983307453537
1.5852216259982672
1.3838496684196895
0.365590167942724
35.76591320144138
1.0046926550221593
0.20489808306866442
20.413313884653
58.281833724365356
65.68641627546738
1.1166587240072072
1.0878272451547735
2.894073493461814
3.723194746653485
19.222043501918844
16.07687793346353
10.223525098912223
0.862988551482297
136.4692761172842
490.9194898232652
13.866650304315055
10.930716990004628
1.6192143848167861
0.07028870751429832
1.686794943273505
0.29522454106332696
1.1357111188545232
2.3822190891544768
0.8226362590988063
6.196241850947444
1.2404996004658644
1.8921652509100229
8.745848746972555
7.686627411317276
2.974221999991849
3.9946124728199344
4.050516577360685
5.047468134899912
6.676361514977262
1.9714734914984695
1.5565294935049379
2.926873893695414
3.353277639832541
1.84353518568259
5.36924422973255
12.121718729334791
3.212392784337638
3.8024006218744177
1.4690695374919072
1.8910212826057968
1.1766982546776648
1.4699765320803182
2.101088445264653
3.4858093935421315
0.616208474460114
3.6672326583832424
1.658813573318036
0.9890598949397045
1.3246560622040304
2.70549391587581
1.9142374558446158
2.081462959792598
0.36929122405362713
2.8004732687855824
1.290116843245715
0.474783589987329
0.48514010634513294
0.4021853084719387
1.8434865477504743
0.11167224294214387
0.9518441443663924
0.2775016217315769
0.4324237698542793
0.22174455140500818
1.3119149273972652
0.5114167135080062
0.2497642213793627
0.8474347509273137
1.7049862972670429
0.256733173951373
0.28164291375223227
0.7937892682478651
0.23726305081990073
0.6205902235996575
0.25091344257472925
0.07137436228336524
0.5135352748845785
0.540115815330856
0.1722050583778936
0.9369980922538389
0.47928024822442006
0.09151725034834705
0.2641124096553951
0.17189579765330854
0.44765169335228705
0.4686787048596451
0.393376252606059
0.6806993090341762
0.615019372916481
1.4530429178072728
0.4560535524428848
0.2530654439039438
0.9629466450518567
0.6537798055066156
0.26986471857149497
0.48172994680786074
0.936653259789866
0.936653259789866
