18.98647832353839
26.545663956243267
28.42947684262058
26.326360033408502
31.026299158081244
14.416961905203813
7.618838117178375
5.455391918461838
20.180964788624205
7.796644163256782
12.191359264484328
22.2273318292345
10.173198861092645
14.622562798381113
12.690029176789432
16.200387778969517
19.719354811977517
24.011138841421534
17.150874583371603
42.844749408251694
25.66818254234814
41.94705887191017
98.30344368913576
40.028076890459175
61.37800923434651
40.63098017047189
12.499960754477335
14.137645104515252
42.18557360555373
47.34677674601417
54.34973608867694
105.42250644030709
78.69765722238301
2632.5353210516023
2820.4831200106305
3176.4237155140822
2919.829850387981
2932.572182837471
2916.5418966092984
2960.061270925979
2681.341262207069
2953.911508659143
2982.052170662171
2916.711815592681
2711.76643616527
2881.3784482845144
2873.5158798095267
2477.1661382997495
2469.9691263898744
1876.264465819741
2215.3111507789017
2880.2735960345412
2711.8034436169473
2475.867575643831
2646.183965644467
2931.9605446290357
3270.649398109728
3340.187867263897
3794.5513431903864
9666.388461930246
10304.733561949884
17054.02716153576
17266.67650231744
15867.198612000358
7920.569006066087
7694.176459123016
5698.719808343301
5508.807875081403
5810.28441851355
5810.265547137072
5981.08639453961
6118.345533105999
6331.078473628455
6044.947642478706
5882.694518194101
5991.734561347245
5681.486465205175
5504.156680725996
5331.540970796409
5888.772817059318
13513.657513314558
9593.152600675146
10548.214927800034
11343.34851092696
11127.298536746923
10539.729470190861
9791.569184099606
10268.826983013598
10442.37358142828
9284.31965527063
12598.156007581594
13135.84218005048
12519.37152202446
13899.99196967392
13519.374467953041
3655.775022224554
3560.97854664337
3442.9759026123984
3349.87115484729
2949.1870884991986
3139.588377090909
1006.2521623092852
1011.7178517724114
761.2196724722833
669.0395318904548
616.6837406134492
583.8814332654924
461.55627114177605
435.24341012133107
534.7004075153841
555.0204347876681
449.55021373918305
377.5136048514138
331.5503350598026
267.0195759817535
281.95095792996335
211.79162582965887
291.8157332428657
23.384923407699063
163.94848104721916
57.126263580691486
6.085692849934295
12.366160567440797
2.2007640536532542
88.1768305600102
103.8336534484993
85.52123237371586
109.14617529573873
127.35028707669922
122.14735711656562
124.9785715948903
111.28773500390146
98.15521354456735
119.10510796047849
121.19068493459157
70.16308593369176
86.30783271958701
84.01480740192757
89.84091096249914
106.54767147926631
85.84571906326435
86.75845569166478
80.38706607514777
73.74613502529607
59.215327698835225
58.03728317002003
50.57884106160549
72.92728099669618
48.2336803673754
43.785018845028986
48.99017660582593
86.13403525812987
33.63934730440971
43.9691066532432
53.26222046223306
38.470120156685695
42.70545711217375
42.52200238293429
35.3459374118425
27.378158123704612
39.7523769884137
32.858823361060885
45.451003174660286
21.99621037207243
56.76603531185565
15.048295723392572
75.89245243930199
60.05110920386271
32.661691921836805
18.32304059586175
33.89852820890414
16.927355719246
17.019579394833208
17.094544711567476
10.189409104105412
14.882762460635695
16.61051688340228
14.494157404352526
25.691125132571415
20.748366222496287
13.962876917005874
28.93766319485281
10.905059813029316
12.847805538158573
26.367525386327223
10.900398684422765
25.68105618435153
23.536127607767348
29.114454853594395
15.088003858599738
25.04278006389424
28.759159755344854
34.1255014565557
27.44524134450154
45.87579567370063
35.833030890160025
39.60800959977647
36.96959257060206
43.458914476738485
0.05607970837517642
