1.9469923865429082
1.8859086979754038
0.8259664743560033
1.7789529324335875
1.8502511202979381
1.0829431715969946
1.7598835363073673
1.1017278268737403
2.075420426796542
2.200869130757109
2.4306459087099253
3.466495277592869
3.1344359000562036
1.6026339339761058
2.410762595992456
1.9562134059561471
4.298365581361405
3.9554215121994036
4.18305810546936
6.462865369956997
8.18745241540861
5.040425131788808
7.774030727894386
8.601282917717807
16.577242208989695
15.197630813827137
14.583221551928593
14.821388014273715
31.088884262238665
24.562805111001573
24.874934767756493
64.60195587262575
73.53420176845836
87.9048844405485
113.67344614244323
180.86091541547177
234.03604198455116
288.81695655795113
366.45129787404085
476.97994910968214
507.47191539166283
454.1294284332088
479.6175574264498
471.53406586194376
476.99951112333054
427.8055002779539
316.72722648502867
262.46450125207906
205.01542836515776
54.54862746267337
23.869855202819096
18.528393323237395
33.023142891858264
60.007489444475915
135.8207643543749
23.033226337020324
141.18080119586307
272.93311676408354
227.85481158025144
231.13085285515652
243.3059235386141
216.22462254034266
255.48180240706063
261.168598217139
240.64704927980324
248.5385614911101
320.4907517908349
242.33607266013303
260.6418501969475
272.3340358133496
183.8822962815843
152.94460704446965
102.68201457088435
262.0130553976868
324.06630173098347
246.20034540241113
69.84546690730885
70.88816622092033
29.99330622401945
62.033712854378926
82.72909498834599
307.1499446152608
499.03383406367095
235.33533121435346
514.8511992505729
302.8445332819959
496.0632654383329
201.67317263965026
290.06157943212753
1180.7255716153809
602.3035783771261
361.80027838038245
275.6398270412219
154.1451046816289
246.5919907998067
610.8703887000948
458.08876727005827
218.75809199194666
59.30661792451641
356.5024973940655
13.349602614846187
126.88807498223095
8.607774667631755
92.46571666327318
25.378219421789908
32.78741047669044
517.3565302680814
3.410867695219644
67.6634688423075
136.2180104743382
96.03088718444258
35.813902678734095
55.305347975715335
76.30161969065435
81.64022341976697
13.799295898338757
47.73605618476668
54.315411035985115
3.4397573007106406
61.18571487075345
59.15287203236389
85.55372452978764
1.1486779215373417
78.17928559799523
85.53654626532652
3.9228071274496075
35.936783102493195
7.233241870937972
21.849110106679113
47.71338955573133
10.641320522092819
19.584407866466126
11.566258616782164
38.806549234409516
15.794890626870322
11.093016671995048
10.487596826950778
20.048827698891678
9.104138307619266
11.938523519532563
11.098143151445516
7.251153741426239
10.997960337889255
4.899806426919884
6.094258936376013
7.055063712280313
3.3666375576595584
6.154964826434694
2.846458126031394
2.4583864047544832
2.9583394320853147
3.828073684213546
2.337158879186715
3.7967898688185207
1.6974552099614646
1.118979732765846
1.0604593410929866
1.0704711437329562
1.6666630001078282
1.3879035984199255
1.1976125759100573
3.103175969733871
2.3457519277117043
5.025968067729585
8.053508930413539
4.08337607661769
4.085935008225969
2.759893978693907
2.269330554446084
3.394678197843517
6.886125603670072
1.6831823068667622
2.339426285673493
1.0386609476411042
3.875923404737446
3.519442355428986
5.743191935873806
6.805549728964676
5.808058953317923
2.5050640250894736
2.9454710938729702
3.462575512043581
2.882840041651624
3.1854409325142803
1.4229460892371955
2.1581094247723556
2.716778478765903
2.285550998113875
0.9629270600914279
1.4503143409165484
2.528391408243184
1.7194114771914353
1.9578473439865909
3.143761255449242
2.097422335952026
1.2863071474283387
1.357875573675904
2.9870111343249945
2.0481159015676313
0.05607970837517642
