20.4253546374415
1.8210083328096744
4.420313587569844
15.923517313551041
6.593044801191229
25.809317876508228
3.259925092339299
8.130275028065547
4.737776640110761
2.2654905124298708
30.215489940931704
30.793204032562613
8.913555969848849
21.3793028207341
15.21358838009852
43.44239613543842
48.607435818019354
82.230008559553
32.75064775325488
17.981903783388002
45.63890487654292
18.727466788559482
33.81125449685208
36.404672353666534
45.09577899256216
46.96702671255032
59.94178548858207
26.043925918711345
40.00287563021628
99.76169817780008
110.12571265764151
89.38427751985421
80.93075550644906
91.61385988435313
41.96380273144142
53.3524076615847
51.711963897795144
59.85967423993258
96.87508624284905
104.96818093958355
80.43575462038118
72.13316686000586
109.90593798490582
93.82837681840581
40.50860687814464
43.82984908652174
40.03717186091444
65.14076262707437
129.1954404822754
114.3039102174254
118.253306174687
72.87209856190593
112.57522390701675
42.93144399563597
64.24362837138628
76.80890466111717
86.57898016641414
101.51904404765612
97.73827886853977
160.4264623164161
50.17357464352055
118.7968849387386
162.01645500277942
85.78488561342539
62.74021860973789
35.66682926971708
133.522719167329
62.10947733676154
94.21386248378137
24.488080838677785
39.4527040352265
13.38109348091766
6132.67665998877
72.51143679559964
108.70801451525969
95.02395872029985
2343.4064694031244
81.49486983298559
88.07566908038811
3921.280686998593
964.408058591518
1202.8798386016588
194.6434014683757
123.05719328264068
158.36796842994772
74.7378948370023
111.39855634450397
478.2049772413433
221.3057990398774
110.73626393234298
99.57233655045057
67.23772544704937
44.53040311410332
1137.9174130404908
74.12512533609586
20.175447612720813
22.356417663100473
8.827634059181854
11.360796064652632
14.39476618651387
11.360865437917523
2368.0250391800314
1225.2863961521832
15.459079808133488
542.5834385427436
20.153007199638182
9.391132638763008
23.80235869039967
47.58591819009799
170.39323884350387
80.5039087452866
141.20785395466925
324.3923067524599
43.917421483487985
46.618396902975284
149.36065794851493
85.51318587140028
108.33446548587726
26.268710891651764
114.70457066752492
94.15319232507932
40.703178950703176
204.87234180812035
117.20004868017038
601.2725074358759
809.5627929283285
1388.4574735186443
518.3518122191003
353.3909427352868
112.54757941548402
86.90474563145753
93.86331005703745
90.7002184919678
103.73031730278318
103.47722006204525
225.37853129696788
161.60045613342618
115.51641566740454
672.5788010374165
47.1549731918655
169.19580636934865
197.80736337943443
60.67734233666662
74.3203744480716
67.05611308773327
31.155568484367084
85.95566372409175
38.401014920178184
27.7681650214113
45.81058846943857
43.079990204748874
55.90595826077697
21.03175755731097
107.29450231569064
59.86851525598318
38.21561544931995
3.88816898083099
1.5585170902310235
8.845166444391545
142.44088010658066
16.41600172876695
14.255187816287147
29.211409981532455
77.44752369104687
2.8754227289951206
53.25659792438712
10.723156973645956
23.12686887711208
16.82703133206564
67.62900731778703
33.05104180973533
3.1274473133472416
20.440131281817447
25.12431860315896
0.6452282425797162
7.322228782721517
49.15192617989123
15.208426487261132
8.723961927843366
43.741927375045776
39.94770427224844
35.56861157175466
133.27647582642345
17.140911349142517
17.985341172908957
2.483634476764676
45.64673878846341
30.906270389422524
27.975386076128824
4.0327411464104115
13.852157993885085
7.294836510598202
2.5522558455349813
3.8082221993331897
16.971442751040094
29.62186738050294
39.8087534807816
15.62746338775615
15.333006615312256
0.05607970837517642
