0.056080113271548666
0.05607576622092206
0.0560716688531527
0.056063215665897025
0.05605479590053214
0.05604658533197485
0.05603776081243881
0.05602906864410803
0.056023009035476586
0.05601918582239973
0.056018289683681895
0.0560214159339054
0.05602959424329899
0.05604252567282275
0.05606244805162185
0.056089441304065984
0.05612303153071886
0.05616232010187006
0.05621178022183575
0.05626685568094817
0.056329025108851315
0.05640271958537744
0.056477032395537856
0.05656052613357257
0.05664728605867003
0.05673758769844138
0.056825565382443294
0.05690650305114286
0.0569944566741852
0.05706407903678585
0.057140159026971185
0.057211352330914234
0.05726413087224321
0.05731147425208275
0.05734280544040961
0.05738044316610358
0.05739618061237551
0.05739652046875984
0.05739609595108551
0.057402960605032326
0.057401308357061864
0.05737922100323335
0.05737021574973666
0.05736703404864181
0.05735373084694191
0.057327860736646086
0.05731300271072192
0.05730879750679724
0.05727774192255172
0.05725799442385923
0.057233733645059216
0.05721135881377753
0.057167522833016404
0.05713755260627895
0.05710613188461996
0.057059475186629474
0.05700871773117618
0.05696929641204749
0.05691443074420896
0.05685406007616585
0.056801551523341653
0.05673729179616725
0.05668113319617364
0.056612675686564445
0.05655267325609357
0.05649180526344204
0.05643352932933264
0.056377004008419995
0.05632264672503135
0.056266169361735126
0.05622516892694628
0.056176902405005925
0.05613847953479353
0.05610106634510872
0.05607124253952709
0.05604906148894719
0.056032160135890144
0.05602252665425442
0.0560224788996427
0.056030535966943164
0.0560499397374349
0.05607462323205086
0.05611013725670945
0.05615077496970373
0.056195590822263435
0.056232765766526485
0.05625465392876751
0.056268087105764066
0.056256411031173445
0.05622755920215401
0.056184538510904165
0.05613112131182214
0.056071149500329466
0.056038142561161595
0.05604169112717981
0.05609322747433756
0.05620187747147256
0.05635342066635135
0.05655291761967651
0.05674852211576936
0.05692610338295749
0.057030212198420985
0.057084134371081154
0.05705838090012457
0.0569495101987975
0.05682348293020477
0.05665307399205126
0.0564904640204848
0.05634507238436158
0.056221514640628904
0.056132998112639686
0.05608496649560926
0.056081742517068656
0.056120412152336846
0.05619241230123703
0.05629429628525918
0.056428610976098775
0.05658371821533337
0.056755167001073956
0.05692884412238608
0.057106616735365566
0.057289150356048424
0.05746056640421078
0.05761369823595196
0.05776175797693524
0.05788929811005532
0.05800016287150669
0.05808717741441696
0.05815069092448109
0.05818946353865549
0.05820383118995655
0.05821841848373998
0.05821827538291706
0.05822623425534428
0.05820138801741818
0.05817507030129852
0.05814549075467964
0.058128411107200705
0.05807265652589911
0.05803989585381065
0.058012896592828496
0.0579666314289321
0.057920687228907836
0.05787242504072383
0.05781999915762557
0.05777314870989889
0.05772701203235692
0.05768087850706042
0.05762112346355619
0.0575805235808713
0.05754384580592022
0.05749144825435627
0.057437175724183685
0.057398235232166896
0.05734862170613039
0.0573010403039674
0.05725642424631038
0.05721883632959589
0.05716813711995621
0.05712856643385382
0.05708242373351018
0.05704059160990172
0.05699596271537958
0.0569552252285895
0.05692351037256574
0.056881389592000925
0.05684057159680551
0.05680775175133289
0.056773343945703984
0.05673183719505573
0.05669687541768777
0.05666218622391235
0.05662795119170574
0.05658701792689343
0.056556150045612534
0.056518623004680704
0.05648619680573287
0.0564491197925541
0.05641603333145336
0.056382372257356865
0.05635364615945514
0.05632327955323194
0.05629697501219663
0.05627105168443407
0.056244689430261334
0.056223145376584585
0.05620115301926471
0.056182726586422614
0.05616797283343579
0.05615125477105347
0.05613801208202528
0.05612484385774493
0.056112548141771336
0.05610477356581203
0.05609731672734212
0.05609152041498357
0.056086756067275256
0.05608382025027048
0.05608250067702823
0.05608038151043397
